Multiple size <= 100
TEST 1 ARG:96 80 36 29 18 65 56 77 68 45 13 55 25 64 58 21 85 54 1 62 17 70 10 24 28 26 60 38 39 14 52 72 89 5 84 30 16 76 81 51 92 2 12 82 37 86 35 74 0 91 31 27 93 90 59 6 33 71 44 75 98 19 63 47 9 34 3 83 99 94 73 7 67 8 11 97 87 69 95 41 48 20 66 40 15 88 42 43 4 49 22 32 78 61 53 23 57 46 79 50 
TEST 2 ARG:77 28 75 76 49 14 41 61 64 63 79 50 16 5 53 71 1 57 45 9 7 94 88 89 33 6 84 20 8 18 22 72 27 30 56 3 38 4 23 44 46 21 10 73 11 66 90 91 40 47 86 17 68 96 60 35 97 70 31 93 26 25 87 67 98 83 85 34 51 95 36 92 32 82 54 80 42 24 78 74 12 48 39 52 99 15 2 55 69 65 13 0 62 43 29 58 37 59 81 19 
TEST 3 ARG:65 38 74 6 89 30 64 9 72 14 91 16 44 77 79 41 43 10 84 60 93 62 56 98 99 75 0 49 61 82 22 28 73 54 78 1 33 87 80 71 68 55 90 24 32 8 81 69 94 12 45 58 26 4 97 76 63 47 25 15 7 40 5 23 88 67 39 59 83 86 50 42 37 35 34 20 95 53 51 29 46 57 19 92 70 48 52 85 3 96 17 2 31 11 18 21 66 13 27 36 
TEST 4 ARG:42 36 90 97 37 20 1 23 84 77 96 15 85 74 7 95 53 76 86 66 27 81 62 39 61 11 99 30 22 55 78 24 92 45 68 71 2 18 67 52 80 41 6 63 60 49 47 43 9 3 10 58 38 87 13 91 21 25 26 73 88 93 59 4 8 65 17 89 79 31 29 16 40 46 83 75 51 54 5 28 82 64 72 48 56 94 34 19 32 69 98 0 50 57 70 33 44 14 35 12 
TEST 5 ARG:39 99 4 59 82 79 73 50 53 22 58 92 66 96 69 0 51 83 6 86 27 42 70 7 88 64 68 95 24 15 8 36 48 32 2 81 33 45 19 46 16 61 89 29 57 47 13 34 37 20 94 44 23 87 31 93 35 78 43 41 76 63 71 60 56 77 17 98 25 49 26 3 52 74 67 72 30 80 14 1 65 55 5 28 85 40 90 62 9 75 54 11 18 97 91 21 12 84 10 38 
TEST 6 ARG:3 97 36 47 80 14 26 81 31 44 77 4 94 70 40 22 78 50 79 60 1 41 74 23 55 34 92 11 19 8 16 9 7 30 33 71 20 46 85 86 58 38 91 75 95 32 84 27 28 10 53 99 54 42 90 0 89 73 51 6 68 56 65 21 45 82 76 66 88 39 63 62 98 67 52 17 43 37 5 2 24 29 83 87 35 96 93 59 18 72 61 13 25 49 48 15 64 57 69 12 
TEST 7 ARG:89 70 61 47 76 56 2 91 67 78 26 98 23 22 94 77 16 14 24 45 73 52 1 57 64 51 80 87 17 59 37 71 53 92 9 50 8 74 81 35 97 75 29 62 72 33 95 38 30 83 21 36 0 68 86 31 63 66 65 13 25 93 41 3 85 19 60 6 10 96 28 4 44 79 48 5 43 99 49 18 42 11 54 27 15 12 58 34 82 88 20 84 55 32 90 39 46 69 7 40 
TEST 8 ARG:93 64 5 85 9 10 25 48 32 67 61 86 7 26 45 14 89 94 68 84 95 78 66 24 62 49 59 23 58 34 4 11 12 1 46 63 8 0 36 77 97 42 43 73 56 79 13 52 38 15 21 40 83 44 65 92 27 88 30 50 17 90 19 22 3 91 87 6 37 54 98 18 28 55 60 20 99 2 41 70 75 74 81 71 31 72 69 39 47 16 57 80 51 76 29 33 82 53 96 35 
TEST 9 ARG:94 34 38 33 43 78 2 18 6 81 98 95 87 8 63 57 3 16 11 21 5 4 96 1 72 97 47 14 61 17 73 64 41 85 89 71 49 56 76 28 93 27 40 32 75 80 65 74 35 39 92 68 45 60 23 15 20 31 0 67 44 52 46 13 12 58 70 42 10 79 26 88 51 9 24 55 48 62 83 59 91 69 53 54 37 7 22 90 19 29 30 66 86 99 77 84 50 82 36 25 
TEST 10 ARG:33 0 88 57 10 56 82 13 46 71 19 32 96 86 14 18 37 27 36 16 25 75 20 94 80 97 49 11 95 73 40 77 6 47 15 34 79 12 72 52 45 7 65 3 74 85 2 84 64 67 50 81 59 51 5 22 78 54 98 55 61 35 76 58 30 60 44 99 41 17 91 21 23 38 69 4 39 62 24 68 42 83 8 90 66 48 31 53 26 9 89 1 70 93 92 87 28 63 29 43 
TEST 11 ARG:72 23 92 77 33 58 68 83 29 89 85 44 75 54 14 66 99 53 67 22 4 46 65 70 59 27 56 32 15 91 62 64 26 60 19 18 41 74 9 25 40 61 93 37 21 45 52 0 88 81 95 43 13 97 11 57 36 34 51 90 31 6 5 48 10 38 39 78 86 35 20 16 2 49 87 96 7 17 76 1 50 69 63 71 73 42 3 94 98 30 79 84 82 8 28 24 55 47 80 12 
TEST 12 ARG:21 23 65 35 89 96 46 49 37 45 68 40 69 80 81 0 24 99 72 26 5 75 38 57 32 20 59 42 53 1 88 43 13 18 39 51 36 41 52 34 60 93 97 25 33 14 58 55 66 47 28 22 31 84 92 16 56 6 86 63 82 85 50 11 54 78 2 74 48 62 67 27 19 87 9 30 90 76 95 3 71 77 64 79 12 91 73 44 17 98 83 61 94 70 4 8 15 10 29 7 
TEST 13 ARG:66 59 31 62 64 5 81 56 38 41 4 27 45 68 47 89 21 78 58 3 87 13 99 6 98 40 8 73 77 35 42 90 83 37 55 52 74 44 88 2 33 30 72 1 39 7 48 43 18 46 14 63 82 25 19 96 60 22 57 9 15 10 71 85 20 36 70 95 97 61 17 84 91 16 65 11 49 26 67 28 12 94 0 50 69 86 34 54 80 32 92 53 76 24 23 29 79 93 75 51 
TEST 14 ARG:50 5 84 72 40 90 41 76 83 39 20 2 21 65 17 23 64 69 87 85 52 79 60 36 15 73 80 37 57 71 89 77 86 47 27 9 12 25 28 4 13 94 34 82 32 67 30 56 51 88 38 74 63 24 10 18 93 54 68 92 58 22 31 99 43 98 42 55 59 16 91 61 6 53 66 62 0 70 97 19 49 81 8 75 46 48 7 95 96 35 78 45 33 1 3 14 26 44 29 11 
TEST 15 ARG:2 53 77 11 80 96 71 64 62 94 3 43 98 16 20 82 36 45 51 49 18 6 15 66 19 17 72 95 5 40 92 28 8 86 44 22 81 26 56 93 79 14 74 31 34 78 70 87 57 30 41 88 76 65 61 97 38 73 13 21 63 35 10 33 48 75 60 54 37 68 39 58 84 25 27 1 29 91 83 67 85 12 42 69 90 9 32 4 50 23 99 24 59 0 46 52 47 55 7 89 
TEST 16 ARG:48 17 63 89 46 3 72 13 30 9 60 74 61 59 55 71 83 8 49 66 98 92 35 96 88 32 11 0 31 90 15 34 43 16 54 24 22 75 53 51 42 19 33 52 77 21 26 2 27 44 28 69 47 84 65 23 95 25 87 99 45 10 85 58 91 79 97 50 6 39 29 94 78 82 76 40 14 56 38 86 64 4 41 62 70 20 57 37 18 12 5 67 7 81 36 73 80 68 93 1 
TEST 17 ARG:80 22 79 62 40 99 29 87 0 88 77 72 48 23 21 8 14 9 70 41 91 86 61 42 73 66 71 67 6 2 97 85 69 1 46 98 74 94 47 84 92 11 25 36 51 64 90 96 49 15 52 54 20 53 18 31 82 83 34 95 5 55 28 78 35 38 19 7 32 59 81 60 13 4 57 33 39 44 50 24 10 75 45 30 26 12 63 27 43 3 56 58 65 93 16 76 68 37 17 89 
TEST 18 ARG:49 24 86 70 57 96 26 37 85 84 94 32 93 66 41 83 1 50 71 68 82 35 28 80 19 63 81 53 55 97 48 12 14 25 31 15 43 27 39 65 13 10 77 6 79 4 78 58 99 42 62 36 45 17 5 75 56 34 69 40 29 2 90 91 61 67 52 38 51 74 9 54 20 76 3 46 88 8 92 44 59 73 89 87 11 60 95 16 64 98 33 7 0 22 21 18 72 47 23 30 
TEST 19 ARG:28 71 96 84 33 22 35 19 37 98 93 9 77 3 15 74 80 47 13 40 62 5 56 20 55 4 66 26 85 68 36 29 2 46 97 44 38 49 23 82 41 30 57 51 27 76 25 7 24 17 6 60 70 87 11 1 53 52 34 21 73 42 64 81 32 43 89 95 50 16 45 69 61 8 83 72 39 10 31 0 18 63 65 59 78 92 48 14 90 58 79 12 67 91 94 88 75 99 54 86 
TEST 20 ARG:51 58 32 81 65 98 28 39 95 54 25 91 57 73 3 52 35 9 23 18 30 46 48 75 29 42 68 36 24 80 92 2 14 8 11 96 16 88 15 97 63 84 41 87 12 38 17 19 64 22 79 6 83 0 34 93 33 94 71 72 69 59 67 66 86 1 50 5 62 4 47 89 78 43 61 10 7 56 53 99 85 26 90 77 60 21 13 27 40 44 49 20 70 45 55 82 76 31 74 37 
TEST 21 ARG:82 81 86 46 48 60 3 73 39 31 28 71 72 74 29 77 16 51 93 43 54 44 98 65 76 9 21 87 96 99 59 12 40 8 85 75 22 95 0 13 41 67 92 90 94 1 33 38 63 83 53 61 34 88 19 4 55 78 69 18 58 89 5 11 79 25 37 84 80 42 62 70 91 36 66 17 35 52 20 57 26 50 2 45 68 7 27 49 10 15 64 47 30 24 6 97 23 32 56 14 
TEST 22 ARG:73 29 88 28 33 90 55 3 21 38 37 62 99 89 94 0 84 58 4 91 24 77 19 39 71 57 51 35 67 74 52 13 34 53 81 59 31 56 7 45 66 12 15 78 75 27 22 47 25 86 1 14 50 30 72 18 68 93 40 61 42 48 70 76 98 2 6 85 16 20 46 95 96 64 17 92 49 60 54 80 69 26 8 79 63 32 97 5 10 65 44 87 11 9 23 82 43 36 41 83 
TEST 23 ARG:94 2 13 10 15 8 44 14 90 30 49 52 88 68 9 48 3 6 93 29 61 18 63 38 69 39 55 56 42 97 35 81 22 75 20 36 7 74 27 73 53 79 70 32 28 71 19 12 89 41 96 92 86 4 62 37 87 98 72 91 67 47 80 50 26 60 40 85 46 59 16 84 76 11 31 58 24 82 23 0 54 83 34 65 77 45 1 25 5 99 33 66 43 17 57 95 64 51 21 78 
TEST 24 ARG:25 43 10 73 78 40 2 70 90 81 48 84 15 65 34 9 62 37 52 75 82 19 56 91 41 33 59 72 42 38 76 74 3 12 32 92 97 71 69 96 18 46 87 93 45 85 77 21 64 58 54 61 60 63 23 22 27 99 80 13 68 28 1 0 55 47 89 17 95 49 53 88 16 8 7 31 6 5 86 98 36 94 30 35 11 4 29 26 14 24 20 57 44 79 67 66 51 50 83 39 
TEST 25 ARG:45 14 99 76 28 44 62 32 72 7 43 65 1 98 58 29 86 30 33 0 24 21 13 63 12 15 39 61 2 74 49 8 95 90 77 16 69 91 10 31 47 92 67 6 5 20 70 9 19 4 51 42 87 60 27 36 35 79 84 52 38 41 75 48 88 54 46 26 66 80 96 85 50 34 71 22 55 94 11 83 82 93 57 78 64 59 18 17 81 40 97 89 68 3 37 56 23 25 53 73 
TEST 26 ARG:75 84 45 26 92 81 31 52 0 58 3 33 2 23 8 94 30 66 71 22 88 60 70 85 59 69 32 89 55 1 11 36 97 90 96 46 39 49 72 18 20 80 21 28 37 24 27 38 95 9 65 51 44 68 48 5 91 40 82 34 93 16 63 12 35 78 6 53 25 64 47 41 56 14 83 98 67 13 62 77 29 79 99 42 17 43 74 76 61 50 10 7 19 15 87 86 4 57 54 73 
TEST 27 ARG:33 39 79 23 87 28 74 99 2 44 47 1 76 16 86 61 50 10 78 63 77 3 46 66 85 92 5 65 72 4 71 51 31 81 95 17 20 43 75 18 12 11 42 45 36 25 54 58 15 24 9 70 96 53 37 62 38 69 94 90 6 68 82 52 56 0 34 59 49 67 21 7 13 32 93 88 80 60 57 64 27 84 41 30 29 19 83 91 8 89 97 26 73 22 98 35 48 14 55 40 
TEST 28 ARG:29 65 30 9 34 43 56 83 53 67 60 24 46 22 16 10 50 72 2 0 39 12 68 25 8 11 99 27 82 44 91 36 63 88 20 74 51 23 98 21 62 17 1 55 92 13 32 18 80 49 40 77 4 15 19 57 38 26 7 73 48 52 87 71 86 96 14 58 42 41 70 61 85 37 3 6 89 78 81 90 66 5 64 97 31 75 54 33 95 59 76 28 45 79 93 47 35 94 69 84 
TEST 29 ARG:87 35 86 71 7 78 0 2 39 76 83 96 23 85 33 4 1 95 72 88 43 90 16 14 30 69 48 99 57 82 29 46 12 70 5 94 56 59 53 73 81 10 58 36 66 8 9 22 55 34 67 28 31 63 40 74 92 97 24 91 65 64 27 6 51 98 3 84 52 62 68 79 26 32 20 54 89 15 21 61 38 45 18 13 44 47 19 60 80 11 17 49 50 41 75 42 77 93 25 37 
TEST 30 ARG:45 7 71 91 82 95 80 50 35 26 92 20 12 15 77 78 49 87 8 59 98 62 38 9 57 16 30 6 13 21 93 43 75 24 66 73 29 31 25 63 2 96 83 52 0 4 97 39 27 23 47 33 28 58 69 90 36 19 3 42 70 40 10 44 67 11 61 54 68 55 94 53 17 72 89 32 84 46 60 22 18 34 5 99 41 88 56 76 65 86 85 37 64 79 51 81 48 14 74 1 
TEST 31 ARG:59 13 78 45 18 85 68 48 3 40 62 38 11 24 90 95 9 63 64 84 37 54 96 8 92 56 66 21 80 42 7 89 43 88 69 34 23 41 75 26 53 6 50 79 29 49 15 94 74 67 46 58 33 10 4 12 71 93 5 86 82 20 99 36 44 27 14 83 47 77 76 25 39 60 32 0 72 1 87 55 28 22 98 31 70 57 19 97 2 51 91 30 16 17 61 35 52 65 73 81 
TEST 32 ARG:25 99 89 38 61 59 71 46 91 6 57 93 27 84 90 65 10 16 63 40 31 4 83 98 24 5 81 52 66 53 41 2 21 97 43 56 82 87 19 75 68 94 34 49 33 26 22 92 28 51 30 76 8 13 36 42 54 86 73 7 45 47 1 69 12 17 72 95 44 55 18 11 77 67 39 32 0 64 48 88 58 96 3 79 14 62 80 15 50 60 20 35 23 78 74 85 29 70 9 37 
TEST 33 ARG:98 51 84 7 10 37 45 57 99 47 92 44 41 75 95 88 65 76 67 25 97 5 8 79 14 69 27 77 56 15 1 86 13 35 9 23 53 96 6 40 94 90 17 18 66 60 22 70 0 58 2 42 34 83 21 4 19 61 28 26 38 31 50 39 64 71 24 32 3 89 16 52 87 91 43 33 93 68 74 72 80 55 12 29 82 49 85 62 59 54 78 63 11 81 20 30 48 46 36 73 
TEST 34 ARG:4 60 56 17 40 50 95 96 48 38 90 61 69 26 23 58 75 53 52 36 62 47 91 14 64 80 94 3 10 99 86 59 76 72 6 11 97 19 15 82 7 67 2 13 5 20 8 71 73 88 89 1 77 39 85 93 57 9 54 74 51 33 32 45 70 24 87 78 12 43 84 16 25 68 29 79 37 81 35 31 27 49 46 34 21 28 65 98 41 66 18 44 0 42 92 83 22 63 55 30 
TEST 35 ARG:31 93 62 29 65 85 27 36 71 22 49 75 61 50 82 88 58 16 35 1 66 52 40 59 99 97 10 19 38 15 0 32 64 74 44 11 84 3 69 41 21 56 26 86 4 9 13 2 53 6 98 81 87 55 89 48 73 43 47 91 60 90 51 24 92 70 46 72 5 80 23 78 33 63 45 30 8 57 77 7 67 76 39 68 12 14 25 79 96 83 94 42 17 18 20 37 95 34 28 54 
TEST 36 ARG:19 25 22 7 33 31 46 0 77 29 87 60 24 27 62 14 11 94 42 43 55 15 37 18 10 98 9 23 38 59 80 90 92 56 35 63 4 1 51 91 61 67 36 20 71 69 70 50 81 75 47 8 40 86 30 52 41 45 5 64 72 96 82 44 99 74 57 21 13 76 3 39 17 49 66 58 2 48 28 79 65 89 78 34 73 53 83 32 54 26 6 16 68 95 84 88 97 93 85 12 
TEST 37 ARG:9 92 4 69 88 91 61 43 70 25 23 42 99 98 14 12 56 62 44 63 39 90 50 59 22 26 20 18 82 45 10 52 13 53 47 71 78 72 27 6 49 76 32 73 16 8 81 5 95 55 83 38 24 68 30 34 86 2 79 37 67 41 94 89 46 84 28 29 11 7 19 21 65 51 31 75 3 97 60 33 74 36 54 15 85 96 1 57 64 66 35 0 58 48 93 17 40 80 87 77 
TEST 38 ARG:30 66 63 83 25 65 75 42 85 81 41 86 18 26 10 59 61 16 72 77 98 53 96 93 76 78 99 67 36 90 92 31 73 11 35 33 2 69 19 57 68 52 1 8 87 29 89 58 39 15 27 64 46 17 62 4 38 9 48 40 37 49 71 20 22 50 23 74 32 34 97 55 60 56 54 80 43 7 12 84 0 91 21 88 14 28 70 3 45 94 5 13 79 47 44 6 24 51 82 95 
TEST 39 ARG:21 8 20 5 82 34 60 31 18 53 19 27 37 39 80 12 0 78 65 86 74 46 76 4 10 49 15 38 40 52 55 77 47 72 92 1 3 81 73 41 93 9 13 94 54 23 57 11 29 26 51 28 62 14 83 89 48 68 95 2 70 59 45 84 35 33 85 98 75 58 67 42 17 7 22 25 63 32 43 69 30 97 64 90 99 96 79 44 61 50 88 36 24 91 87 56 6 16 71 66 
TEST 40 ARG:55 82 16 85 54 11 45 34 86 7 81 14 43 78 5 99 63 18 33 90 93 65 52 91 62 26 58 77 22 44 31 69 37 13 20 8 50 60 74 80 94 79 96 41 39 30 51 19 70 57 71 84 3 10 87 61 49 1 32 92 89 23 95 38 4 36 21 2 46 66 35 72 25 53 88 42 24 83 6 68 75 73 12 9 40 67 0 17 15 98 27 48 47 97 64 76 59 56 29 28 
TEST 41 ARG:23 17 80 39 28 22 42 62 65 52 59 44 48 87 12 90 37 73 86 58 71 0 5 75 1 8 66 97 95 99 36 20 72 33 81 92 91 57 15 83 9 46 56 26 31 30 63 2 74 60 11 49 55 67 61 43 32 89 34 68 94 54 88 93 21 24 27 47 25 3 6 53 13 19 84 7 69 78 77 50 76 98 40 41 51 10 14 45 82 70 16 18 64 29 4 35 38 79 85 96 
TEST 42 ARG:63 48 33 35 58 79 47 5 99 0 14 53 36 30 21 87 94 69 34 42 76 85 15 91 50 40 74 80 98 38 81 86 61 57 28 46 22 45 64 12 7 97 37 56 11 73 77 20 23 41 19 65 3 89 10 31 26 6 83 43 93 78 16 90 17 18 9 52 24 25 59 44 82 95 13 72 70 1 29 96 62 88 2 75 39 49 92 66 68 54 84 67 4 8 27 32 55 71 60 51 
TEST 43 ARG:39 48 91 52 14 62 98 85 32 42 97 2 67 29 4 56 27 81 87 64 12 74 90 55 59 3 23 76 21 60 83 82 15 65 33 68 61 99 30 69 44 24 88 79 92 86 37 26 35 36 7 77 75 94 89 28 6 34 71 22 84 9 51 8 50 0 53 45 10 46 66 57 72 38 18 49 54 11 41 17 96 80 73 93 40 19 63 25 31 13 78 20 1 43 47 5 58 70 16 95 
TEST 44 ARG:12 33 50 5 85 1 31 42 74 68 89 22 57 34 6 96 9 41 62 11 86 76 81 29 58 80 98 38 40 70 43 55 3 44 83 2 53 26 18 95 16 47 97 63 45 93 21 88 8 17 72 19 14 64 60 71 7 79 59 35 48 92 65 32 69 39 52 0 78 15 91 30 84 4 99 51 66 77 46 27 87 20 94 73 28 54 49 90 10 75 82 61 24 13 56 67 25 36 37 23 
TEST 45 ARG:86 89 81 0 95 33 50 64 30 69 22 80 72 17 24 97 13 70 83 94 90 91 40 41 21 15 73 42 26 53 82 1 78 51 75 66 29 27 4 37 35 20 79 36 31 99 12 74 45 63 98 39 19 38 43 11 25 59 55 85 7 62 77 88 47 84 48 96 14 58 34 56 57 23 93 68 8 60 61 76 10 9 46 71 5 16 87 44 3 28 49 92 65 2 52 18 54 6 67 32 
TEST 46 ARG:16 56 12 43 52 9 5 25 19 98 41 99 85 22 87 59 68 21 28 27 55 60 33 17 49 35 70 66 23 73 54 86 37 91 38 48 94 89 92 2 40 47 72 64 51 76 44 65 13 18 71 88 81 6 75 11 57 14 4 45 31 63 78 15 90 46 96 79 97 10 0 67 34 30 61 24 80 32 77 20 26 36 42 8 58 3 53 1 95 39 82 7 93 50 74 62 69 83 84 29 
TEST 47 ARG:0 94 50 43 64 10 74 30 11 65 59 97 48 76 88 66 21 84 54 42 36 61 72 32 23 80 75 13 58 73 67 15 40 99 20 71 52 70 28 12 83 85 89 93 46 63 6 22 18 38 39 35 26 16 68 98 27 8 55 82 17 5 3 96 31 2 37 9 62 81 4 60 47 29 69 77 53 51 45 33 44 95 86 57 49 34 87 19 78 92 24 91 56 14 25 90 7 41 79 1 
TEST 48 ARG:45 60 27 68 29 39 3 74 31 9 11 13 93 6 32 25 49 35 0 30 59 55 92 1 21 28 10 16 42 69 33 14 95 99 98 38 77 65 17 26 19 37 8 75 34 4 83 88 62 91 46 97 40 66 7 50 84 85 76 24 54 67 48 20 82 81 70 44 5 53 41 89 22 73 58 90 64 61 23 63 52 36 79 87 18 72 86 96 78 71 80 43 57 47 94 56 51 12 2 15 
TEST 49 ARG:70 61 49 62 74 30 45 25 8 43 27 38 20 48 31 37 57 21 7 78 92 51 23 13 22 19 90 4 83 55 97 60 56 52 46 64 36 87 54 67 9 73 81 34 44 5 18 12 76 17 86 29 6 72 77 15 59 91 35 89 82 41 42 26 24 99 65 68 3 94 98 39 69 10 53 96 84 16 33 0 28 85 63 66 88 14 79 95 11 50 80 93 75 1 71 2 32 40 47 58 
TEST 50 ARG:39 75 79 15 37 92 87 84 64 44 52 18 10 47 22 9 99 0 54 40 26 49 21 33 1 81 19 50 12 63 2 6 72 27 55 30 29 62 66 57 91 46 68 5 98 83 67 85 41 71 93 23 42 17 31 59 56 3 51 16 60 35 8 94 20 95 48 86 13 43 77 80 38 34 14 97 96 82 4 90 36 58 7 74 73 45 11 53 89 32 70 25 69 24 78 76 65 28 88 61 
TEST 51 ARG:57 15 77 48 19 81 6 97 14 92 31 75 83 39 43 13 4 1 53 58 30 61 98 80 25 45 78 51 54 94 60 72 7 47 99 56 33 9 22 32 70 36 18 42 88 82 26 11 27 37 96 35 10 46 28 71 23 16 73 74 52 40 55 49 2 59 20 84 63 89 79 76 90 38 0 24 21 17 50 34 62 93 41 3 91 85 12 67 5 68 44 66 29 95 86 8 65 64 69 87 
TEST 52 ARG:77 2 58 6 73 96 26 43 38 59 83 78 32 55 91 54 48 64 35 39 22 24 40 52 3 42 37 21 62 79 75 28 29 92 51 85 65 4 30 94 10 5 82 57 1 98 87 18 13 9 56 25 7 99 27 14 86 84 66 76 93 31 97 12 49 67 0 88 50 46 34 72 70 16 23 33 95 45 8 69 44 41 61 68 36 53 90 71 47 74 80 63 81 60 17 19 20 11 15 89 
TEST 53 ARG:59 83 35 82 60 28 6 52 99 1 30 22 25 44 45 3 8 93 58 46 78 89 17 54 79 26 61 51 69 90 57 74 91 81 49 65 23 84 95 55 62 41 24 98 31 56 76 13 32 70 66 73 18 87 36 39 14 2 9 37 34 21 94 92 38 43 11 97 80 27 40 10 50 29 96 33 67 20 19 12 48 5 15 63 77 47 88 85 86 0 4 42 68 72 7 64 71 75 53 16 
TEST 54 ARG:96 6 31 13 81 46 26 88 73 97 22 70 32 63 37 30 11 4 24 18 17 16 75 25 42 8 20 56 76 45 57 79 58 99 74 67 23 68 82 2 15 78 85 64 21 84 59 40 95 39 61 50 98 72 47 49 36 80 55 3 48 94 7 91 5 62 10 86 27 43 41 28 71 93 33 69 66 53 12 52 87 29 51 0 65 54 34 90 1 92 44 9 77 60 38 19 14 35 83 89 
TEST 55 ARG:87 70 95 25 6 80 47 1 43 99 17 56 78 37 45 18 82 21 2 90 83 61 44 96 8 4 38 12 59 24 36 85 84 73 71 51 81 19 14 31 16 94 20 91 88 89 77 9 62 55 28 15 41 67 46 40 30 42 76 10 74 66 68 39 0 98 27 86 72 5 33 75 23 58 49 97 54 92 60 52 79 50 29 3 35 65 11 53 13 63 93 7 34 57 22 48 32 64 69 26 
TEST 56 ARG:57 42 40 81 56 99 29 14 33 1 16 65 82 74 66 51 48 70 68 18 98 17 50 13 95 9 78 62 92 8 26 80 10 93 39 21 97 15 4 45 38 72 34 91 37 35 88 71 31 20 28 89 49 53 69 44 86 7 25 36 0 84 83 41 96 75 61 19 6 63 2 30 52 24 55 76 85 87 27 73 77 59 3 94 22 11 32 43 79 23 5 12 60 54 64 58 47 90 67 46 
TEST 57 ARG:21 68 5 41 73 11 36 28 98 39 50 67 57 75 49 48 31 95 16 65 46 20 45 25 88 0 93 87 51 70 2 22 53 99 8 7 29 15 14 84 26 23 82 27 37 56 62 43 9 55 89 92 32 33 78 38 1 40 96 42 10 83 90 13 59 47 4 3 64 81 24 35 54 12 63 52 97 6 91 30 66 76 34 94 61 74 60 58 19 72 18 71 86 79 80 85 77 17 44 69 
TEST 58 ARG:86 96 38 90 94 30 10 40 55 72 69 68 3 82 83 65 54 16 97 70 56 92 32 77 61 44 51 14 91 99 27 41 75 88 17 39 36 57 79 58 22 66 62 2 49 12 80 74 8 4 53 20 1 18 13 50 45 87 59 46 48 21 89 47 29 98 52 33 25 93 64 26 76 67 5 7 84 0 19 31 6 23 85 43 95 63 73 24 81 71 78 35 11 42 15 34 9 60 28 37 
TEST 59 ARG:16 99 7 98 37 1 51 89 38 43 35 79 3 96 48 83 85 13 78 9 61 97 62 18 45 49 42 32 54 68 55 74 27 22 20 0 4 69 25 56 58 19 41 34 80 60 93 94 2 52 14 84 87 10 64 12 63 36 66 28 26 23 31 8 46 65 40 91 30 95 70 77 29 71 67 33 21 39 90 53 72 76 73 88 11 24 50 92 5 47 81 44 59 86 17 75 82 6 15 57 
TEST 60 ARG:49 66 57 7 96 0 41 35 99 38 78 48 56 2 14 45 53 90 26 77 81 76 25 47 84 54 29 19 60 91 23 8 70 18 12 16 95 40 30 33 69 71 79 64 13 17 85 82 11 5 88 65 10 37 94 20 6 97 98 80 28 50 68 74 34 46 15 75 73 21 4 86 51 31 93 1 39 52 58 61 24 43 9 67 42 89 27 92 36 63 59 55 44 22 72 62 32 87 83 3 
TEST 61 ARG:50 22 24 36 17 9 93 4 18 2 88 84 99 40 79 26 80 77 6 66 35 55 98 87 89 10 38 41 65 19 12 52 85 23 44 29 53 37 56 14 16 32 63 64 5 15 1 30 13 82 46 86 42 60 25 11 76 54 78 97 94 31 33 81 90 28 74 34 75 43 47 72 91 49 51 62 58 3 48 27 83 70 0 8 96 67 95 45 73 61 7 71 69 59 57 68 92 39 20 21 
TEST 62 ARG:63 49 65 28 93 64 33 82 76 66 45 23 25 48 90 74 36 53 52 51 26 22 42 55 70 97 80 17 61 27 31 73 30 14 68 44 47 19 11 88 21 56 5 95 3 40 91 67 92 58 69 62 41 43 54 16 2 84 94 10 89 50 99 71 83 87 9 29 60 96 72 85 79 4 8 35 32 39 24 0 86 57 38 78 75 15 6 1 18 34 12 13 7 81 46 77 37 98 20 59 
TEST 63 ARG:83 4 60 95 24 43 7 85 26 82 2 25 3 96 50 0 91 28 64 29 65 32 98 79 97 68 88 6 52 51 47 57 48 38 61 90 56 21 35 72 46 54 63 39 14 66 20 42 74 34 44 13 18 62 49 30 33 59 5 19 86 23 67 8 73 10 89 99 70 78 22 17 69 12 37 31 40 75 58 87 45 11 16 53 9 94 81 27 93 76 36 15 41 77 55 80 71 84 92 1 
TEST 64 ARG:13 97 80 34 33 25 78 21 7 51 90 45 30 59 89 96 56 91 66 63 87 28 55 72 29 6 98 18 31 67 4 37 12 54 68 27 41 22 84 93 52 19 47 14 46 9 1 79 2 10 95 53 83 48 36 58 70 77 82 88 8 43 75 26 24 64 81 40 60 49 5 42 44 99 35 65 76 20 86 17 39 15 57 3 94 11 38 74 50 61 23 92 62 32 73 0 85 71 16 69 
TEST 65 ARG:46 96 89 20 92 69 68 47 55 50 4 98 79 65 44 91 77 52 58 85 18 5 81 86 42 36 93 9 88 60 34 67 70 24 73 87 74 90 25 76 37 29 38 14 3 83 1 43 23 10 27 56 22 30 8 99 32 13 48 21 57 35 41 15 62 12 39 64 11 94 66 45 80 84 54 78 71 61 19 0 33 53 26 6 82 2 97 51 7 59 72 31 40 17 16 49 95 63 28 75 
TEST 66 ARG:73 87 13 82 9 81 0 96 53 14 67 71 57 52 80 84 79 17 75 48 45 49 33 21 90 70 55 5 93 86 43 95 11 26 64 28 92 7 46 51 2 61 34 32 35 41 47 59 15 40 63 78 44 66 12 77 24 98 76 42 19 3 85 6 1 16 8 65 18 88 62 25 39 60 99 68 37 27 23 31 38 56 58 36 89 97 54 94 91 69 22 4 74 50 72 29 83 20 30 10 
TEST 67 ARG:9 75 60 59 49 71 57 37 50 43 23 86 52 17 89 51 32 76 92 22 82 26 28 46 90 87 27 83 14 16 40 80 66 99 41 84 63 44 0 64 69 31 2 29 34 56 25 79 72 88 67 94 53 78 4 74 20 8 42 35 12 30 96 24 1 7 48 36 70 38 33 91 47 55 58 77 62 54 85 93 15 18 39 19 98 68 73 13 3 97 5 95 61 81 11 65 10 45 21 6 
TEST 68 ARG:64 34 51 19 96 60 50 38 40 55 54 36 26 62 71 2 25 35 23 53 78 56 6 17 74 9 89 75 30 14 24 5 29 8 3 91 12 21 46 94 22 67 82 93 28 10 16 85 15 31 43 32 70 99 58 57 73 1 44 95 68 42 81 61 69 0 7 49 65 37 88 92 52 27 98 33 83 86 80 18 66 77 87 79 90 39 11 84 41 4 59 97 20 63 47 76 45 48 13 72 
TEST 69 ARG:19 36 99 18 39 48 5 74 84 82 90 0 20 25 13 10 4 58 42 61 37 27 9 54 80 72 26 17 41 95 44 21 94 63 51 64 87 46 12 70 47 67 11 22 33 60 65 3 50 15 45 77 35 8 16 6 71 73 79 49 30 1 7 29 40 98 76 28 23 56 83 31 68 75 2 91 93 69 24 53 57 34 62 59 92 43 32 97 14 86 38 81 66 89 52 96 78 85 88 55 
TEST 70 ARG:12 44 4 1 63 89 53 32 68 25 54 27 70 61 65 45 76 67 35 30 62 83 5 16 8 41 10 95 82 59 64 72 3 9 52 36 58 2 50 11 91 88 56 14 49 34 98 24 71 99 29 13 28 78 47 33 92 48 40 38 42 87 74 43 17 46 55 80 97 26 69 20 21 6 73 86 18 0 19 85 77 94 51 7 31 81 15 93 37 22 23 75 39 96 60 79 84 57 66 90 
TEST 71 ARG:65 20 26 71 18 41 79 97 15 34 68 89 2 7 49 3 57 52 51 10 37 88 91 11 44 78 23 30 24 90 70 81 62 1 25 74 99 33 35 85 31 6 38 63 48 98 66 80 8 58 40 55 46 75 67 72 84 96 64 19 22 0 61 92 32 87 4 21 36 83 39 14 95 53 17 50 82 59 12 43 93 86 47 69 77 13 42 28 29 9 54 73 5 94 45 60 76 27 16 56 
TEST 72 ARG:95 69 56 26 77 29 17 70 35 92 31 11 55 80 1 39 25 85 48 58 16 8 34 61 94 67 91 18 44 73 86 46 98 27 12 19 20 68 78 57 22 90 7 32 87 3 36 74 63 42 38 6 43 50 14 72 41 51 60 49 99 83 52 71 65 9 13 64 76 81 66 96 0 82 75 21 54 53 40 84 47 30 28 97 5 45 93 2 10 88 59 37 4 24 89 33 62 23 15 79 
TEST 73 ARG:37 10 6 44 72 78 85 68 98 29 60 47 36 50 40 67 30 97 51 18 38 33 73 9 88 20 71 45 48 89 92 35 82 34 53 41 42 28 87 7 52 49 27 61 75 32 21 63 46 1 90 12 17 81 0 95 11 65 77 8 54 70 39 2 80 94 25 19 31 91 59 79 99 55 84 76 23 24 69 43 5 93 22 66 58 57 64 14 13 86 15 26 56 96 62 74 3 83 16 4 
TEST 74 ARG:95 5 31 88 49 44 0 84 67 28 53 86 57 97 14 73 61 82 69 32 6 99 59 9 66 33 87 55 74 39 37 42 63 92 35 81 52 21 72 29 65 76 60 40 23 25 62 24 64 46 43 78 11 56 30 34 16 4 26 15 38 71 83 1 10 13 20 19 22 51 91 3 54 79 45 98 96 27 17 90 7 93 89 41 48 2 47 77 85 50 18 12 68 36 70 75 8 80 58 94 
TEST 75 ARG:24 67 63 27 38 71 80 19 52 17 5 89 73 77 7 79 93 13 64 22 46 32 21 96 97 94 35 37 85 61 68 3 86 90 0 49 39 84 78 69 48 59 54 56 87 88 16 10 99 75 44 74 11 57 15 12 33 60 9 18 6 20 50 25 62 42 30 83 91 53 55 95 34 47 31 36 65 23 58 26 8 2 92 28 29 41 98 72 1 76 70 45 43 51 14 66 4 40 82 81 
TEST 76 ARG:0 99 42 61 78 31 9 95 77 71 91 3 48 90 26 97 74 5 65 19 35 76 66 22 2 49 87 29 80 33 69 41 45 37 59 17 94 70 54 8 55 27 79 23 39 12 30 24 62 88 38 96 47 67 50 25 60 11 63 36 34 21 72 14 44 92 32 57 43 83 15 64 98 58 46 10 56 20 18 75 13 84 51 53 86 16 68 7 6 73 85 40 93 28 4 1 89 82 52 81 
TEST 77 ARG:83 19 61 47 78 63 71 12 93 15 79 62 42 14 1 68 50 82 11 26 73 36 88 44 53 30 8 24 29 38 75 51 77 66 89 9 22 86 0 90 64 2 59 69 60 57 94 34 81 67 16 85 48 99 96 65 55 43 27 7 4 5 25 13 39 45 40 49 41 10 98 72 80 20 6 70 87 52 54 21 76 74 56 95 33 17 3 84 31 23 46 91 37 58 97 32 35 92 18 28 
TEST 78 ARG:97 19 59 72 54 40 0 55 6 85 80 1 42 8 81 52 89 35 98 71 39 21 31 58 5 16 26 78 67 50 90 30 27 13 11 86 20 66 75 46 70 94 53 24 65 82 4 28 37 57 93 64 10 60 69 32 41 92 2 15 44 23 7 48 36 74 51 18 99 14 87 61 88 83 62 29 17 12 63 25 22 33 47 91 49 95 79 77 45 9 73 3 56 34 76 84 38 68 96 43 
TEST 79 ARG:93 95 92 0 62 73 42 98 61 28 80 44 17 20 33 78 15 81 40 48 53 55 23 4 74 11 76 22 69 5 10 52 46 91 36 88 34 12 84 18 25 83 85 56 71 6 70 49 82 59 9 29 30 47 8 57 7 75 3 14 60 37 16 13 19 26 89 27 41 66 39 72 65 90 1 94 51 45 35 50 21 31 58 2 63 97 79 77 38 86 64 32 68 99 24 67 87 54 43 96 
TEST 80 ARG:40 94 7 50 86 83 29 96 97 15 84 5 81 70 78 56 98 24 9 25 37 19 74 42 61 12 75 21 1 35 55 91 31 68 49 95 57 26 32 3 28 88 87 44 34 79 62 60 65 72 17 51 41 92 69 8 76 53 18 54 58 30 39 47 93 2 6 99 66 33 48 89 59 85 4 77 23 14 38 73 71 13 46 11 45 80 82 63 90 20 67 27 0 52 64 22 16 10 36 43 
TEST 81 ARG:71 90 41 36 70 56 24 29 88 85 59 1 73 52 38 69 45 30 93 80 11 79 92 91 40 16 72 21 15 57 58 9 84 14 32 89 83 25 62 63 18 17 3 99 33 60 47 44 39 42 7 51 53 46 95 48 10 12 27 86 20 76 68 75 54 61 19 35 74 49 0 65 22 13 94 4 5 6 98 97 55 82 8 26 23 77 43 50 64 87 34 2 67 66 96 31 81 37 78 28 
TEST 82 ARG:30 91 65 79 31 77 99 19 16 32 2 8 45 57 47 94 69 15 53 60 93 55 84 51 81 72 25 14 66 5 43 96 41 85 7 52 46 61 71 49 27 28 80 10 35 67 64 92 95 87 88 56 74 89 73 62 24 11 90 70 6 42 21 75 23 0 54 34 26 86 9 4 40 13 37 17 82 33 12 44 38 58 59 83 18 39 36 3 48 63 50 68 97 29 22 20 78 1 98 76 
TEST 83 ARG:96 56 84 17 13 83 29 8 79 53 87 7 98 38 26 44 21 28 33 64 63 93 1 71 35 90 9 20 46 75 60 50 41 88 72 51 80 49 82 77 47 39 14 89 43 34 61 27 55 42 11 18 59 66 12 2 6 97 70 32 81 25 62 5 3 31 85 92 40 19 37 4 67 86 73 0 57 68 23 76 91 15 94 16 24 95 30 48 52 78 74 36 69 99 22 58 65 45 54 10 
TEST 84 ARG:81 80 69 33 86 18 65 53 16 31 94 73 68 70 88 39 57 35 36 37 5 71 97 58 6 79 23 52 64 2 14 96 10 84 17 21 95 90 41 82 77 66 49 19 40 24 91 59 87 89 85 63 30 54 22 13 27 76 43 56 98 8 74 83 92 45 50 25 60 44 4 3 11 1 75 26 62 46 7 55 20 48 61 93 0 51 29 47 12 9 34 67 15 78 99 72 28 32 42 38 
TEST 85 ARG:33 11 87 99 98 96 58 17 44 41 88 72 56 43 2 42 62 60 89 77 12 31 10 15 14 52 68 74 0 86 92 35 94 78 81 51 73 79 80 93 47 49 25 32 5 8 36 20 39 75 59 57 6 9 50 67 22 71 84 13 65 83 28 21 66 48 37 40 16 38 76 19 3 91 7 61 64 97 27 34 63 24 95 55 45 82 1 69 18 29 53 90 26 85 46 30 4 70 23 54 
TEST 86 ARG:3 64 72 59 71 77 70 75 65 21 22 67 49 58 8 86 54 84 96 12 42 32 13 92 69 4 85 57 16 25 97 87 24 36 39 29 37 35 48 93 10 46 41 66 94 79 55 43 28 11 51 27 62 83 14 19 60 53 74 23 31 56 30 88 9 91 63 2 47 0 40 76 7 15 61 99 1 18 73 78 6 17 5 68 45 44 34 38 81 33 50 26 98 80 20 89 82 52 95 90 
TEST 87 ARG:18 38 80 39 84 43 36 66 30 1 15 13 26 27 75 5 8 12 68 91 44 63 20 48 45 69 22 28 88 2 29 10 51 35 56 65 47 61 49 97 7 93 82 71 53 32 96 19 79 23 16 77 33 89 59 95 73 58 4 85 78 83 74 42 70 40 6 50 17 0 24 94 72 98 81 64 76 87 25 86 52 9 60 21 90 67 54 34 37 92 41 3 55 57 31 99 46 62 14 11 
TEST 88 ARG:30 94 69 98 36 70 31 72 57 27 42 81 45 20 92 75 5 37 34 29 85 61 15 48 54 96 83 86 73 44 16 2 80 19 99 22 7 67 49 18 24 65 90 9 4 28 50 60 52 33 8 76 64 56 46 6 82 87 79 66 55 40 3 78 88 84 21 71 11 47 35 91 68 63 93 13 12 25 39 26 38 59 62 43 89 95 32 97 74 53 17 51 10 58 0 41 23 14 1 77 
TEST 89 ARG:33 68 46 69 89 81 43 44 94 16 93 60 1 29 20 62 4 24 84 26 78 87 0 91 92 30 75 90 28 6 13 14 76 9 73 39 21 52 32 63 12 61 53 58 95 70 82 88 85 31 77 98 86 74 2 18 7 25 51 65 23 54 22 66 45 40 57 67 27 79 42 48 8 47 49 50 34 64 72 83 55 37 71 36 80 96 99 35 97 5 17 19 59 41 11 3 15 10 38 56 
TEST 90 ARG:48 2 62 37 71 86 85 95 51 59 45 7 55 38 90 98 88 8 65 74 97 9 4 5 26 3 39 78 29 68 27 36 53 83 96 31 44 19 79 99 30 82 33 42 61 72 46 10 84 20 15 24 18 43 92 87 12 35 13 91 70 21 28 63 14 80 60 77 89 50 93 47 1 49 75 23 22 81 41 16 67 56 34 94 66 58 40 25 17 11 69 64 57 54 76 0 52 6 32 73 
TEST 91 ARG:38 25 32 88 29 9 49 8 82 59 95 19 83 98 78 41 63 73 97 27 17 87 10 40 16 58 7 77 75 81 14 48 37 72 3 68 46 92 4 28 24 15 43 55 36 60 74 62 34 33 44 56 51 35 84 66 31 47 50 99 76 70 91 89 26 54 45 57 30 96 90 20 23 5 52 1 39 86 79 11 6 80 85 65 94 42 2 18 69 61 0 64 67 22 93 12 13 71 21 53 
TEST 92 ARG:66 17 22 90 42 29 37 67 19 41 49 64 70 84 16 35 61 24 78 15 82 65 8 9 50 12 27 74 23 68 46 69 4 96 40 92 28 62 44 93 83 72 10 39 79 32 2 26 58 36 30 1 38 95 51 31 3 52 43 25 13 98 20 47 75 73 56 87 91 33 18 77 76 81 48 7 97 45 86 80 71 60 89 53 0 6 99 88 54 59 14 21 55 94 85 34 11 5 63 57 
TEST 93 ARG:20 89 82 73 68 60 26 41 27 80 53 50 51 69 23 32 95 58 5 14 18 72 67 16 65 48 8 3 13 2 43 99 21 83 47 66 75 22 54 84 45 55 35 0 59 81 78 79 77 6 29 38 44 90 85 62 56 87 1 15 64 76 40 74 11 10 34 4 94 92 19 39 33 36 57 86 88 17 96 63 31 37 25 9 28 70 42 71 7 93 98 30 24 12 52 61 46 91 49 97 
TEST 94 ARG:18 67 56 44 36 78 54 48 41 50 94 28 53 93 15 76 7 72 82 42 60 96 86 8 2 79 40 21 39 43 16 31 14 61 91 13 75 83 19 63 62 92 57 32 20 11 45 81 51 68 97 37 85 12 73 1 87 27 24 49 46 84 4 34 3 99 0 55 90 35 10 9 66 89 58 23 25 33 74 5 29 38 98 64 26 30 47 80 6 70 88 22 17 77 95 65 52 69 59 71 
TEST 95 ARG:94 95 96 90 32 31 30 33 89 12 17 27 38 4 37 62 83 14 39 41 81 69 1 70 86 99 92 18 2 50 51 47 63 24 98 22 42 49 16 82 43 0 10 25 93 45 78 84 64 15 56 6 52 48 65 3 34 55 46 28 54 7 71 53 76 13 26 85 66 11 75 21 61 72 60 73 87 58 36 59 67 91 19 77 44 8 88 74 9 68 5 40 35 97 23 57 20 79 80 29 
TEST 96 ARG:77 96 72 26 90 65 20 24 59 71 91 17 85 76 81 8 23 3 33 32 14 31 87 63 22 41 42 58 73 37 78 88 40 27 62 61 99 36 93 86 11 25 54 64 6 60 94 50 47 15 79 82 80 16 97 9 45 19 51 43 53 98 29 39 18 67 28 34 2 70 48 55 92 74 56 95 52 7 44 21 84 35 1 5 69 13 83 68 66 49 12 10 4 38 75 57 0 46 89 30 
TEST 97 ARG:16 32 30 52 71 2 74 39 7 57 13 17 26 40 45 18 15 60 46 27 75 23 37 9 80 6 1 34 61 76 3 64 84 94 10 14 78 89 77 36 4 8 81 41 53 69 93 0 67 70 96 91 92 20 98 73 54 62 38 28 47 58 86 87 31 29 50 83 22 42 85 25 99 11 24 59 51 43 95 97 79 72 44 68 82 33 66 5 49 63 19 48 56 65 55 88 35 90 12 21 
TEST 98 ARG:19 25 33 40 42 1 78 77 18 95 90 56 7 81 54 27 59 47 45 85 82 21 53 76 94 52 92 64 93 16 23 80 32 34 65 36 67 44 88 50 63 49 14 96 26 31 61 68 73 57 39 83 24 99 86 15 2 20 74 98 0 41 97 13 8 87 6 22 89 55 71 37 84 79 3 35 4 48 30 46 91 10 60 72 43 29 58 75 51 9 12 62 28 38 17 11 66 69 5 70 
TEST 99 ARG:92 90 93 32 83 58 16 74 52 67 91 2 82 24 57 12 35 0 23 19 13 43 76 70 69 50 14 68 45 75 64 22 84 48 89 53 36 62 66 9 15 47 59 40 51 79 81 6 55 77 65 38 87 73 25 80 99 7 86 96 20 39 8 1 18 37 88 34 61 28 33 41 31 30 44 71 10 4 11 21 5 27 54 29 98 26 94 72 46 17 42 60 3 63 85 49 56 95 78 97 
TEST 100 ARG:35 81 32 53 72 54 67 21 63 82 19 49 46 41 2 47 94 57 18 56 79 3 34 1 10 27 99 69 16 84 86 6 11 75 33 61 48 83 50 7 15 73 60 70 5 51 30 71 52 58 96 36 44 68 65 66 78 13 12 39 77 14 9 17 23 29 22 90 97 38 28 42 85 92 24 62 98 55 43 59 26 88 0 80 74 40 76 20 4 95 93 37 87 91 89 64 45 25 31 8 
TEST 101 ARG:58 72 16 55 82 57 97 0 84 44 46 62 52 65 1 53 95 5 33 36 70 61 68 49 30 90 8 23 43 25 22 56 50 71 11 35 34 38 96 3 85 4 83 13 99 60 74 37 78 12 41 24 39 54 18 15 20 32 89 21 42 75 14 69 76 79 29 73 10 64 81 6 80 9 40 2 17 45 86 7 47 48 67 91 98 26 51 94 87 31 77 88 66 93 92 27 19 28 59 63 
TEST 102 ARG:18 30 32 48 81 80 75 74 84 56 29 26 13 76 87 91 7 68 53 4 2 99 49 23 95 27 83 82 28 90 66 93 16 8 38 39 46 71 15 17 64 50 41 65 14 72 45 25 52 9 86 78 12 21 98 34 19 36 24 40 96 3 77 43 10 92 60 97 42 11 54 62 57 69 70 89 51 94 22 44 0 73 37 88 59 58 63 61 5 67 33 1 6 35 55 47 85 31 79 20 
TEST 103 ARG:46 10 68 57 5 6 87 13 92 48 1 69 67 77 2 17 93 62 94 25 19 90 29 21 78 40 61 42 75 11 65 59 43 66 58 60 54 0 56 14 74 85 81 88 79 52 49 33 64 84 51 18 96 20 24 83 15 72 70 30 36 86 4 76 45 82 9 89 38 55 22 35 41 95 91 3 53 12 98 8 31 16 63 26 7 23 32 44 97 99 34 80 37 27 50 28 47 39 71 73 
TEST 104 ARG:83 62 89 56 46 26 52 17 0 4 76 54 58 50 92 91 71 53 81 36 31 10 41 2 32 82 57 64 35 74 13 99 95 15 1 61 90 9 19 72 5 11 96 63 8 68 47 75 84 45 86 33 16 25 37 65 78 48 7 79 39 12 23 77 20 3 34 29 70 44 73 30 87 21 55 97 80 43 14 59 67 24 38 42 49 22 94 6 40 51 18 66 98 28 27 88 93 60 85 69 
TEST 105 ARG:39 91 66 33 92 54 47 7 20 57 83 50 37 14 95 69 63 36 62 0 98 25 11 82 78 59 75 17 79 70 40 90 38 34 32 94 5 76 77 84 71 97 1 30 26 56 3 74 61 53 93 65 96 42 99 55 85 2 89 19 60 28 67 15 58 43 80 87 72 9 31 16 81 21 29 22 68 4 35 27 44 23 52 45 64 41 51 13 49 86 8 18 46 12 24 73 88 10 48 6 
TEST 106 ARG:47 72 89 77 75 97 81 32 84 13 54 64 25 85 90 96 61 46 7 44 68 38 49 0 12 48 34 99 86 21 62 79 43 1 74 95 50 5 60 36 10 83 8 18 70 3 2 14 40 31 57 23 35 66 63 76 58 19 59 92 22 9 39 37 28 51 88 82 98 73 42 20 65 56 53 94 27 93 26 41 45 6 17 52 16 91 24 11 87 30 69 67 4 78 55 80 71 33 15 29 
TEST 107 ARG:62 21 82 85 13 11 32 77 45 10 25 8 92 36 20 23 54 22 99 52 19 37 90 74 51 95 26 81 70 67 60 87 15 61 40 83 28 80 93 47 4 42 57 73 50 65 43 55 71 24 69 91 98 64 3 0 48 46 34 27 17 33 41 53 56 86 31 89 66 58 12 5 72 35 96 2 39 75 88 14 7 30 59 97 68 1 38 84 9 78 6 16 94 79 44 49 63 76 29 18 
TEST 108 ARG:76 20 50 31 84 62 43 1 80 29 30 52 39 19 69 56 16 58 81 86 94 11 63 73 13 49 66 99 15 67 79 55 14 96 85 45 46 7 38 23 93 91 92 82 28 24 12 33 72 42 0 95 22 9 5 44 78 75 3 10 36 41 87 83 51 27 88 59 89 47 48 6 61 21 71 90 98 68 65 25 37 77 8 35 17 2 40 53 26 34 97 4 60 64 54 74 57 70 18 32 
TEST 109 ARG:47 71 68 38 42 99 25 95 62 59 96 43 81 72 84 61 1 48 87 89 49 57 19 31 90 9 14 92 94 33 55 26 64 54 16 30 66 82 78 37 34 39 13 70 41 98 77 83 6 50 7 17 29 91 5 56 20 79 8 3 46 12 23 74 27 32 88 0 51 35 76 18 22 58 21 4 69 80 53 97 67 44 63 93 15 24 65 60 52 28 75 85 10 11 40 86 73 36 45 2 
TEST 110 ARG:23 34 75 92 98 85 37 65 8 0 25 27 67 33 79 74 99 24 19 17 54 2 63 73 69 43 32 12 96 68 90 39 31 84 66 59 91 5 11 55 10 80 22 46 83 49 28 9 26 6 78 40 35 14 88 58 30 61 1 29 20 76 77 95 86 42 53 72 21 45 3 13 56 93 89 15 81 18 4 70 44 7 52 64 71 87 94 47 50 36 62 16 57 51 41 97 48 60 38 82 
TEST 111 ARG:5 60 51 30 61 89 43 50 38 18 22 46 74 62 92 94 91 77 41 57 52 47 31 9 29 44 48 65 67 37 26 4 56 25 58 7 98 99 66 95 42 6 49 81 84 20 8 87 11 27 40 24 3 97 54 10 14 32 45 93 17 90 69 73 64 2 83 72 75 16 68 12 59 21 1 36 53 71 39 55 82 78 35 23 34 96 79 19 15 63 70 33 86 88 0 85 80 76 28 13 
TEST 112 ARG:95 51 70 43 45 41 25 37 22 35 58 23 56 81 40 27 21 26 9 30 18 82 6 13 17 48 91 33 62 64 67 60 57 52 69 66 15 10 85 72 71 61 29 83 97 94 47 73 90 88 93 68 34 3 36 12 28 24 53 65 39 84 19 79 89 50 86 74 55 77 63 32 78 11 42 16 98 92 2 8 31 0 96 14 46 44 54 80 75 1 20 7 5 4 59 76 99 49 87 38 
TEST 113 ARG:4 84 96 13 33 86 40 95 45 63 52 26 7 56 90 3 71 23 80 77 61 70 47 91 6 88 89 8 42 28 53 0 97 82 16 83 46 18 5 57 60 66 2 68 30 49 55 19 67 81 65 85 58 76 48 9 92 11 14 64 44 87 32 37 73 24 94 36 41 35 50 69 10 78 31 98 25 22 93 38 62 51 39 12 17 75 43 15 29 34 21 20 1 54 72 59 74 99 79 27 
TEST 114 ARG:14 37 5 87 80 6 19 20 31 49 97 72 36 48 79 83 42 4 86 23 24 66 26 64 13 53 78 25 60 91 58 22 62 0 63 96 12 30 44 50 89 93 61 51 84 39 29 1 21 34 59 41 35 99 7 11 33 85 74 67 77 81 52 75 88 40 98 76 70 68 2 54 17 16 90 15 73 92 8 82 71 10 94 18 46 3 27 38 55 28 65 47 56 32 69 57 95 43 9 45 
TEST 115 ARG:25 41 31 99 45 67 61 74 49 6 75 33 38 22 17 62 55 66 2 40 3 12 72 27 59 97 26 71 69 21 90 96 48 78 43 56 0 36 82 20 29 13 68 93 77 9 52 4 14 51 95 91 57 81 85 44 73 24 32 23 11 35 65 94 46 83 60 34 42 30 50 19 58 79 16 54 70 87 84 53 10 5 1 64 88 47 28 39 18 80 76 86 37 15 7 98 89 8 63 92 
TEST 116 ARG:32 66 55 65 54 0 80 26 86 18 72 77 10 81 88 43 17 3 11 40 92 95 98 90 36 59 96 73 1 44 6 49 50 24 12 74 22 29 57 31 52 27 15 89 4 34 78 7 68 35 16 97 46 14 69 85 76 58 33 5 41 38 21 83 39 30 2 45 60 99 23 28 64 9 91 79 25 8 82 87 67 56 19 61 13 70 84 94 47 71 62 20 93 53 51 63 48 42 75 37 
TEST 117 ARG:87 75 12 94 46 72 19 38 57 14 56 90 43 28 81 98 10 29 23 9 48 35 33 76 69 85 82 83 51 41 86 73 60 6 53 7 18 47 36 5 40 4 71 21 25 93 61 55 77 16 68 24 39 17 52 97 37 91 42 20 3 49 79 27 30 80 22 92 15 8 11 88 1 63 32 50 45 78 59 67 74 34 31 0 70 44 64 65 54 66 89 62 58 13 26 84 95 99 96 2 
TEST 118 ARG:97 10 77 92 2 23 24 59 83 35 8 50 62 89 85 4 12 43 86 87 22 94 15 69 95 44 14 26 49 54 3 84 32 57 27 56 55 47 42 76 70 72 13 68 38 67 33 29 79 60 48 66 45 30 18 53 81 34 9 82 63 96 11 71 16 40 19 46 28 65 52 20 93 90 37 61 58 1 5 88 75 39 98 25 80 21 41 0 99 17 31 91 73 74 7 51 36 64 6 78 
TEST 119 ARG:50 16 40 15 54 44 31 42 10 28 55 57 19 21 3 64 14 7 8 33 23 11 90 47 18 96 65 24 25 12 97 2 82 70 53 17 32 72 36 85 86 99 52 46 27 75 95 83 41 13 26 35 51 61 39 91 93 29 9 20 98 63 0 68 22 1 34 78 49 69 59 48 43 71 73 56 74 38 77 94 4 89 62 80 76 37 30 79 5 67 6 66 92 87 84 45 58 60 81 88 
TEST 120 ARG:51 54 64 5 1 67 89 72 8 50 99 45 62 66 4 22 82 39 18 87 88 33 21 47 78 38 95 56 9 42 55 61 34 65 79 7 60 27 15 77 12 37 80 57 48 53 83 35 97 31 84 58 23 10 16 13 59 70 74 36 85 24 81 19 11 40 86 76 71 94 17 63 43 49 29 2 73 3 52 25 92 14 68 44 30 69 32 0 6 28 26 93 96 90 41 75 46 98 91 20 
TEST 121 ARG:22 16 25 35 56 15 17 66 68 82 6 79 73 91 2 52 32 3 96 40 88 29 5 69 64 55 21 1 49 97 10 61 38 8 4 89 30 65 81 62 31 63 50 57 84 92 48 77 46 14 93 11 19 47 94 95 71 24 33 70 45 37 12 59 99 20 26 60 42 0 58 39 34 51 86 44 54 90 72 53 76 13 7 85 78 87 98 41 27 80 9 18 75 23 28 67 43 74 36 83 
TEST 122 ARG:3 12 96 0 36 92 76 84 68 86 73 5 27 29 64 9 94 53 38 32 13 66 41 47 91 62 6 70 44 28 39 83 93 77 97 50 81 31 99 7 19 40 63 24 33 52 25 15 20 42 59 78 79 82 60 57 10 1 35 87 22 26 34 75 11 89 2 18 51 67 49 4 8 56 45 61 43 95 88 74 72 17 30 69 65 14 46 55 80 48 21 58 23 98 90 71 85 54 16 37 
TEST 123 ARG:98 38 32 12 15 60 66 8 25 88 56 30 74 53 73 0 19 54 14 92 99 61 84 81 16 72 2 82 68 3 23 55 4 18 39 80 97 67 26 90 9 50 17 75 49 10 91 59 27 87 78 31 11 71 1 45 95 76 57 64 96 40 85 35 29 24 7 34 5 65 48 6 52 77 79 43 22 13 33 21 89 20 46 83 70 42 47 44 86 41 93 62 63 28 37 94 36 51 58 69 
TEST 124 ARG:32 74 19 8 66 98 22 87 76 62 50 24 1 2 91 65 29 58 63 23 89 86 25 55 53 35 67 30 33 95 14 43 17 11 70 6 9 92 36 28 0 90 99 47 5 31 39 61 72 44 37 69 41 15 54 20 81 73 57 78 94 88 4 59 45 34 27 83 51 3 49 96 12 84 93 26 46 18 38 56 42 7 77 64 68 16 21 85 40 13 10 75 48 52 97 80 60 71 79 82 
TEST 125 ARG:89 25 36 79 91 11 0 2 88 45 99 95 18 28 19 87 76 53 43 13 41 61 16 57 69 98 63 21 9 42 38 94 80 52 86 3 27 54 73 75 39 48 74 14 22 71 17 93 96 7 26 8 55 58 29 81 15 77 6 35 4 40 24 5 30 92 72 32 83 50 34 1 97 23 90 44 68 65 56 49 64 78 46 10 62 82 12 33 59 66 20 60 67 84 31 70 37 51 47 85 
TEST 126 ARG:57 99 81 23 60 17 45 0 97 85 71 19 51 1 40 39 16 52 82 11 68 49 25 37 66 86 43 89 9 18 21 83 78 80 88 65 76 50 90 26 46 92 47 72 28 20 32 48 84 91 73 93 55 38 36 69 27 33 35 64 7 59 5 3 62 75 10 31 13 29 87 34 96 56 74 67 14 70 44 8 94 41 42 61 22 24 54 12 79 77 6 58 30 95 15 53 4 98 63 2 
TEST 127 ARG:41 69 20 59 6 47 39 18 32 84 81 80 79 95 66 83 58 29 11 24 13 97 3 12 60 26 67 14 10 94 22 2 40 31 75 34 90 0 45 72 89 19 33 51 52 46 91 76 73 9 44 61 8 53 63 82 37 54 77 4 87 48 36 43 96 68 62 85 1 98 56 55 23 65 30 70 16 92 38 78 27 71 7 57 64 42 74 35 28 93 25 17 50 99 49 15 86 21 88 5 
TEST 128 ARG:35 10 62 43 27 94 38 24 3 65 28 80 12 52 69 93 33 15 91 47 36 18 66 49 67 86 72 76 87 1 82 83 4 21 51 79 64 71 81 55 0 11 48 85 68 99 56 75 19 16 41 54 25 8 97 22 45 26 58 17 20 34 39 78 31 30 77 95 5 40 89 98 63 32 90 29 84 2 42 53 96 14 50 46 61 92 6 59 88 44 9 37 7 23 57 60 73 13 74 70 
TEST 129 ARG:80 96 25 10 60 23 24 16 12 84 34 91 50 22 38 0 68 83 15 94 82 33 48 6 31 46 14 18 98 45 86 8 49 7 57 81 2 79 44 1 87 36 41 42 95 89 32 93 58 52 56 65 11 99 5 92 51 66 27 77 72 76 4 21 69 67 61 20 9 19 85 75 28 37 54 40 70 55 90 88 71 30 64 26 53 39 74 35 59 13 43 73 97 78 63 29 62 47 3 17 
TEST 130 ARG:95 39 55 15 54 21 67 17 83 24 74 97 44 89 38 58 4 42 68 28 61 45 48 29 1 77 72 90 99 0 6 94 36 56 22 8 53 40 5 76 7 98 30 50 52 86 31 46 13 91 85 96 82 69 34 43 59 57 73 88 62 10 32 93 12 81 63 25 47 65 9 80 60 79 19 37 20 35 3 11 27 23 78 75 49 18 16 26 51 66 84 41 33 71 92 64 70 2 14 87 
TEST 131 ARG:14 89 65 81 57 71 77 51 79 10 63 4 7 90 35 49 86 97 1 56 27 98 58 93 32 68 76 91 34 67 59 72 20 29 80 16 5 55 28 30 96 45 95 15 39 12 44 46 42 88 26 54 2 87 40 36 41 94 33 18 38 70 50 62 8 69 23 92 84 31 22 37 6 19 73 48 47 17 9 25 75 13 64 78 74 99 24 52 21 60 85 61 83 82 43 53 11 0 66 3 
TEST 132 ARG:62 25 77 99 91 47 85 20 75 34 14 50 71 22 11 27 28 5 52 9 41 72 0 51 4 31 39 19 1 88 92 23 63 6 86 97 96 38 36 42 73 87 37 24 59 56 69 57 2 13 16 15 7 98 70 32 33 60 58 82 81 54 8 30 45 3 74 83 44 76 49 43 94 95 46 35 21 90 18 89 26 93 68 64 40 48 55 79 80 17 84 65 66 78 10 61 67 53 29 12 
TEST 133 ARG:80 3 19 13 38 79 14 56 86 83 55 1 57 76 97 39 74 81 50 98 15 32 87 34 20 92 5 49 0 40 31 67 42 12 78 82 36 58 84 61 28 66 70 25 91 71 46 17 77 6 88 73 52 89 27 18 30 68 53 94 69 48 93 95 47 51 63 35 85 22 21 16 7 43 33 29 9 26 72 62 60 11 24 23 54 44 4 90 99 96 8 41 45 2 75 59 65 10 37 64 
TEST 134 ARG:41 48 83 32 66 87 27 94 44 97 34 46 93 37 49 70 31 79 29 54 77 43 11 60 19 1 61 26 90 92 57 39 7 82 74 17 12 53 21 85 91 81 72 24 4 62 20 75 45 50 78 15 14 0 5 63 38 51 33 84 89 3 73 9 88 76 95 6 18 23 98 22 10 96 2 80 55 68 86 65 35 30 67 59 8 58 56 28 69 13 42 47 71 52 25 64 40 36 16 99 
TEST 135 ARG:58 40 53 13 68 85 57 92 52 29 21 76 45 7 77 99 36 5 44 6 23 96 20 50 82 18 24 3 46 33 60 70 95 59 97 47 56 69 91 32 73 64 42 94 84 81 31 39 48 34 88 54 22 49 41 17 83 10 63 19 43 8 55 12 35 93 1 74 67 25 75 86 4 51 98 30 71 79 26 28 61 9 90 27 2 0 87 15 11 80 38 14 37 16 78 62 65 72 89 66 
TEST 136 ARG:21 43 79 82 50 83 6 57 80 66 91 2 41 44 69 75 27 89 51 54 97 67 65 18 72 26 53 14 8 74 70 98 42 96 90 76 28 11 15 99 29 34 46 94 93 77 24 87 63 55 36 1 25 48 7 13 4 45 92 58 12 85 17 78 23 88 49 37 39 32 10 81 52 19 68 20 84 59 95 3 0 60 64 47 5 16 62 30 40 71 56 33 22 38 73 35 61 9 31 86 
TEST 137 ARG:72 89 16 81 75 55 54 98 13 31 44 39 36 79 29 65 53 30 1 68 11 6 5 24 28 15 95 46 3 47 50 0 45 62 14 78 69 76 20 97 83 2 87 27 51 70 49 38 4 57 22 19 64 21 33 37 74 8 26 35 91 52 43 40 25 17 60 96 82 92 59 34 66 42 71 12 56 94 67 73 86 63 99 48 84 85 58 9 88 10 7 90 18 93 77 61 23 80 41 32 
TEST 138 ARG:11 32 68 16 5 87 36 6 30 42 65 13 64 99 58 46 0 27 37 3 81 1 71 83 51 54 77 14 78 72 67 62 35 84 48 23 29 7 50 49 4 47 66 90 38 96 75 93 91 19 40 21 80 98 70 33 31 39 60 55 53 15 86 12 10 52 85 79 17 41 44 25 45 92 8 56 95 57 94 34 76 22 18 28 24 20 69 2 9 73 88 26 82 74 89 59 43 61 63 97 
TEST 139 ARG:79 26 49 14 30 9 11 94 84 59 37 93 33 46 38 64 62 54 32 40 42 6 80 86 68 87 52 73 58 23 85 5 15 35 81 75 0 57 82 24 78 27 25 18 76 90 45 71 8 2 43 16 70 66 95 91 31 99 60 89 69 50 88 97 55 92 34 67 28 10 20 3 74 41 36 44 7 53 12 96 48 77 21 72 56 4 19 98 83 65 39 22 51 61 47 17 63 1 29 13 
TEST 140 ARG:10 77 7 53 11 91 48 29 98 57 46 39 90 83 78 33 93 18 50 32 64 0 97 54 25 80 65 52 38 26 12 59 9 96 47 43 16 86 30 4 84 14 1 94 73 81 31 69 41 61 87 71 17 44 42 27 5 40 45 23 66 85 3 67 79 74 22 24 95 13 8 20 75 51 21 92 63 37 62 82 6 28 55 58 76 70 99 89 56 15 88 49 2 68 34 35 72 60 36 19 
TEST 141 ARG:35 68 3 65 31 87 90 43 49 7 74 24 30 34 19 59 88 6 81 73 75 86 72 84 50 20 66 1 45 64 16 5 10 79 52 57 80 38 12 62 58 70 48 85 37 15 83 76 17 53 55 89 60 99 69 82 42 93 41 95 13 27 11 21 97 32 23 29 78 9 14 4 18 91 46 28 98 36 61 25 39 8 47 67 44 2 77 0 22 51 26 71 33 40 63 94 54 56 92 96 
TEST 142 ARG:73 26 9 60 59 27 61 95 75 72 64 1 17 79 4 92 66 55 42 67 35 45 7 0 88 51 65 96 90 91 11 81 21 69 14 63 5 93 50 98 30 77 58 94 28 76 97 39 24 44 62 87 19 47 48 25 8 41 70 68 15 84 74 89 40 82 6 3 22 53 12 71 46 10 80 83 33 54 38 23 2 52 18 43 36 78 37 32 86 56 20 34 29 57 31 49 16 13 99 85 
TEST 143 ARG:43 34 52 69 53 21 38 80 27 83 4 62 37 47 66 17 65 8 56 76 68 41 82 20 45 81 2 95 28 5 64 85 97 90 58 6 78 15 67 29 92 79 46 42 10 19 0 75 98 91 88 25 89 12 18 99 1 61 31 23 49 11 40 7 36 14 71 9 93 87 86 39 96 55 70 44 60 59 51 16 24 35 48 26 73 72 63 30 3 33 22 32 74 13 84 50 77 54 94 57 
TEST 144 ARG:52 7 38 8 48 96 91 94 71 60 88 89 79 19 81 63 73 53 77 11 49 9 55 74 20 16 32 92 65 72 69 90 84 18 58 95 0 41 98 93 51 29 17 25 47 5 30 42 87 83 86 66 33 12 45 13 61 15 39 1 27 28 6 56 57 40 35 21 4 3 44 78 36 23 82 26 24 50 85 2 14 64 99 59 68 62 70 97 34 31 43 67 46 10 37 80 54 22 75 76 
TEST 145 ARG:72 38 74 70 77 50 65 55 11 54 80 32 25 78 89 29 12 22 37 36 28 45 67 76 87 31 0 16 23 48 99 52 64 81 59 33 83 24 97 51 17 15 44 92 21 60 27 71 19 69 82 34 18 9 10 84 5 88 62 43 49 47 40 7 41 73 4 91 61 20 2 56 53 42 57 1 30 6 35 86 98 66 85 63 75 46 58 3 90 96 26 79 39 14 68 8 94 95 13 93 
TEST 146 ARG:69 89 6 26 41 44 19 36 43 84 40 22 71 88 62 91 67 15 87 28 99 2 20 30 53 7 38 86 58 77 50 56 79 32 1 46 51 11 47 16 33 96 45 0 13 70 48 5 92 60 93 31 61 34 9 52 29 98 65 95 17 90 59 75 23 8 80 83 55 35 24 12 72 39 73 85 81 25 63 18 94 14 66 49 97 10 54 27 37 74 78 76 42 82 21 68 4 64 57 3 
TEST 147 ARG:83 76 68 46 3 61 40 29 72 12 45 97 84 31 4 41 33 69 16 59 56 49 79 21 44 5 78 0 77 20 55 90 28 48 93 86 24 53 39 82 65 85 34 70 27 7 19 37 57 6 91 58 73 8 30 11 95 15 35 88 74 13 54 14 66 92 47 62 94 22 9 51 10 23 18 98 32 87 89 99 80 2 1 50 17 63 36 38 81 25 67 64 42 52 43 75 26 60 71 96 
TEST 148 ARG:79 73 32 18 92 90 77 51 38 4 89 44 31 54 35 2 72 52 71 3 39 75 28 91 17 30 1 23 85 48 7 63 95 61 64 84 29 70 20 49 5 68 86 94 83 21 24 26 16 62 11 50 78 82 27 60 58 6 81 9 66 88 0 36 13 57 59 98 46 10 93 80 65 43 14 55 42 67 76 69 47 15 34 12 25 87 74 40 97 37 96 22 19 53 45 99 56 33 41 8 
TEST 149 ARG:74 54 40 85 94 45 19 8 71 93 97 14 15 98 73 18 92 99 66 55 1 25 70 68 53 46 67 23 59 13 60 36 50 82 4 32 28 63 96 42 87 75 16 22 30 11 83 95 9 21 56 44 48 5 49 58 20 37 39 47 41 34 2 76 3 72 17 89 12 26 86 43 10 6 64 0 84 77 24 38 91 27 52 61 78 51 57 81 31 29 69 7 62 80 35 90 65 33 88 79 
TEST 150 ARG:49 62 66 0 85 82 5 10 19 13 98 14 70 81 75 18 87 23 7 64 28 44 12 50 33 21 32 96 34 86 9 27 48 60 80 3 16 63 1 35 11 58 57 17 25 93 61 90 56 88 20 36 41 46 65 45 54 47 76 40 92 71 42 22 59 97 94 37 69 55 73 31 68 43 72 84 74 51 29 38 91 6 99 67 77 95 26 24 83 53 8 4 52 2 79 78 15 39 30 89 
TEST 151 ARG:15 67 75 29 48 16 19 25 50 43 13 38 37 1 32 14 18 23 98 94 0 79 91 97 76 34 64 57 47 46 6 81 99 88 92 61 65 33 36 52 58 26 69 93 53 28 5 96 45 60 21 35 66 84 87 55 71 42 82 62 72 80 56 95 54 86 77 78 41 3 24 11 68 74 63 17 9 83 90 44 51 39 7 8 20 30 89 22 70 59 40 12 27 4 73 10 49 31 2 85 
TEST 152 ARG:20 96 85 77 62 8 38 6 43 66 71 33 94 45 36 69 31 14 30 25 28 74 21 91 27 35 40 72 16 47 10 3 67 5 26 98 65 78 53 95 60 54 82 70 92 4 50 61 89 76 56 44 83 23 41 58 17 34 0 52 79 12 80 13 63 75 29 90 39 15 49 42 68 19 48 73 46 84 64 2 55 1 81 11 88 57 32 22 87 7 51 24 9 93 18 86 59 99 37 97 
TEST 153 ARG:19 22 98 66 30 82 89 85 37 36 9 71 16 23 63 69 96 27 62 42 14 51 32 50 90 95 76 6 52 5 4 64 41 53 58 8 86 99 46 73 43 44 39 11 54 83 77 1 25 20 29 0 97 56 70 10 49 72 80 94 55 87 67 26 15 92 28 34 78 33 88 31 81 68 2 13 93 40 24 12 79 84 48 57 74 75 18 61 3 38 59 21 17 35 7 65 45 60 47 91 
TEST 154 ARG:69 12 48 94 86 34 75 85 54 93 58 53 76 84 44 51 82 60 92 25 26 39 74 98 72 27 70 57 20 38 1 89 19 73 43 79 47 95 33 80 97 65 9 63 16 8 87 23 10 31 22 41 83 15 14 99 6 32 55 21 17 13 67 28 91 4 90 62 42 5 66 2 71 24 52 49 40 30 18 88 45 78 56 96 46 37 0 29 59 77 11 36 35 50 61 68 64 81 3 7 
TEST 155 ARG:2 55 95 72 65 3 68 26 97 17 63 81 29 51 80 79 6 9 53 59 77 19 78 36 38 66 92 91 94 89 1 54 7 57 74 31 47 44 75 34 71 10 58 23 0 45 87 16 83 27 15 98 84 62 60 61 88 52 20 42 33 40 86 18 90 67 25 76 37 22 73 85 24 69 50 99 46 14 35 93 13 64 43 30 11 21 8 48 5 12 4 70 96 56 82 41 39 32 49 28 
TEST 156 ARG:95 0 1 91 55 56 66 44 89 68 37 69 87 34 72 80 62 86 19 57 82 6 41 8 50 47 79 24 13 21 28 33 94 40 31 77 63 92 45 98 23 2 29 51 60 48 58 64 9 20 83 46 27 54 11 43 15 4 22 16 30 3 18 90 35 42 70 88 61 10 65 25 78 67 75 49 5 32 71 81 59 96 12 17 39 85 36 14 53 38 84 52 7 99 76 93 73 74 26 97 
TEST 157 ARG:80 87 95 57 53 89 4 35 18 20 38 37 12 25 11 26 16 49 78 17 73 76 47 21 43 97 70 64 69 62 68 10 2 32 54 31 15 40 28 45 82 52 81 44 98 19 13 22 23 1 88 36 74 60 96 99 61 41 30 55 58 0 84 24 63 59 39 67 51 93 75 86 48 29 94 65 42 72 71 33 6 77 5 9 91 27 92 90 8 66 50 7 34 79 3 85 56 14 83 46 
TEST 158 ARG:68 49 21 1 84 93 97 23 65 70 40 62 63 76 54 6 37 8 45 14 90 35 85 66 9 95 89 0 74 83 94 72 27 69 48 36 79 34 19 58 78 75 77 64 17 32 39 29 11 7 28 81 98 96 16 22 61 2 26 4 91 18 24 50 33 52 51 30 15 3 20 80 60 53 46 44 5 56 67 25 31 71 73 92 88 38 87 10 47 59 55 12 43 57 86 82 42 41 99 13 
TEST 159 ARG:6 31 47 93 81 71 1 92 66 56 39 29 42 50 78 87 98 54 37 64 55 5 17 21 15 24 73 8 9 74 60 57 90 44 95 28 19 25 58 7 32 67 96 65 14 3 40 41 69 2 22 48 18 46 68 63 86 89 75 82 52 84 30 97 51 27 20 23 11 79 94 76 26 43 61 0 34 72 88 4 33 12 59 49 10 77 45 53 16 83 36 38 80 13 85 91 62 99 35 70 
TEST 160 ARG:64 52 8 36 2 10 65 38 78 95 47 28 32 55 5 71 20 21 90 12 57 0 72 22 91 11 16 60 97 66 96 74 92 45 19 39 40 62 87 75 84 25 31 88 43 49 77 85 99 94 73 44 86 30 67 80 42 81 70 69 35 51 18 58 15 82 41 68 14 46 33 9 34 83 61 23 7 56 4 89 79 98 76 24 37 54 3 29 48 50 93 53 26 17 59 27 13 63 1 6 
TEST 161 ARG:90 1 20 61 53 13 60 41 37 25 91 31 21 95 67 6 47 35 64 83 18 4 89 79 75 38 44 10 94 96 92 70 27 59 22 11 52 57 29 32 81 9 50 33 72 78 36 99 65 12 66 49 98 40 19 17 42 5 24 56 71 48 77 69 28 39 55 87 30 51 62 0 8 86 43 80 2 84 7 68 26 23 74 15 93 58 73 45 54 16 85 46 88 97 14 34 63 82 3 76 
TEST 162 ARG:76 59 13 67 21 63 1 50 62 71 8 4 91 6 60 89 20 39 92 7 9 85 2 51 17 46 56 15 12 58 98 78 31 27 95 65 10 22 68 53 55 41 97 69 33 52 0 70 45 43 93 29 16 34 11 84 64 75 81 66 25 86 90 80 19 49 99 26 42 3 30 96 47 82 32 54 36 48 72 14 83 61 94 44 79 18 37 38 73 87 40 74 57 35 24 88 5 28 23 77 
TEST 163 ARG:73 35 47 81 8 48 42 21 55 3 39 59 5 10 44 93 23 12 50 16 32 74 62 43 56 87 20 96 25 78 61 57 54 64 2 11 80 70 31 41 49 90 91 63 75 82 38 33 98 79 69 7 19 71 72 27 52 94 60 18 46 88 9 0 58 65 89 51 24 83 40 1 22 77 17 67 99 6 34 29 30 66 95 76 45 37 26 14 85 86 4 97 15 28 68 13 84 92 36 53 
